  -2.3389030995116655e-22
  -3.7469606409466652e-07
  -2.1170053091600836e-06
  -6.6213586689584756e-06
  -1.5062557928299490e-05
  -2.7821799444662355e-05
  -4.3589392664419411e-05
  -5.8296747733876897e-05
  -6.4211582624672668e-05
  -4.9674081802547686e-05
   8.4730027622448665e-20
   1.0002105298756125e-04
   2.6187524582957898e-04
   4.8759997325237709e-04
   7.6340388191615323e-04
   1.0539924532807440e-03
   1.2993641415646770e-03
   1.4159590001115261e-03
   1.3037485479782381e-03
   8.6009332261973608e-04
  -8.4773542841798861e-19
  -1.3190683664248679e-03
  -3.0711854500643948e-03
  -5.1393355525019791e-03
  -7.3013471519152344e-03
  -9.2292791621008830e-03
  -1.0505847437361372e-02
  -1.0659210338765657e-02
  -9.2144665378527044e-03
  -5.7570090201892916e-03
   2.7122082622102036e-18
   8.1537260542085509e-03
   1.8565568558236156e-02
   3.0839965394623067e-02
   4.4334356306044619e-02
   5.8202384985928925e-02
   7.1467499081530605e-02
   8.3119244151165658e-02
   9.2220586044455516e-02
   9.8012268898890739e-02
   1.0000000000000001e-01
   9.8012268898890753e-02
   9.2220586044455530e-02
   8.3119244151165672e-02
   7.1467499081530619e-02
   5.8202384985928932e-02
   4.4334356306044626e-02
   3.0839965394623064e-02
   1.8565568558236156e-02
   8.1537260542085578e-03
   2.7122082622102039e-18
  -5.7570090201892960e-03
  -9.2144665378527078e-03
  -1.0659210338765653e-02
  -1.0505847437361373e-02
  -9.2292791621008795e-03
  -7.3013471519152379e-03
  -5.1393355525019852e-03
  -3.0711854500643969e-03
  -1.3190683664248695e-03
  -8.4773542841798919e-19
   8.6009332261973554e-04
   1.3037485479782391e-03
   1.4159590001115254e-03
   1.2993641415646772e-03
   1.0539924532807462e-03
   7.6340388191615367e-04
   4.8759997325237796e-04
   2.6187524582957930e-04
   1.0002105298756111e-04
   8.4730027622448810e-20
  -4.9674081802547638e-05
  -6.4211582624672668e-05
  -5.8296747733877493e-05
  -4.3589392664419662e-05
  -2.7821799444662457e-05
  -1.5062557928299011e-05
  -6.6213586689583579e-06
  -2.1170053091602801e-06
  -3.7469606409465350e-07
  -2.3389030995116655e-22
