   9.0928532700696364e-10   9.0928698045638776e-10   9.0928689298097020e-10   9.0928696329154157e-10   9.0928648497937087e-10   9.0928645119506948e-10   9.0928343368482748e-10   9.0929508683806034e-10   9.0926783827278939e-10   9.0906302220838671e-10
  -0.0000000000000000e+00   0.0000000000000000e+00   0.0000000000000000e+00   0.0000000000000000e+00   0.0000000000000000e+00  -0.0000000000000000e+00  -0.0000000000000000e+00   0.0000000000000000e+00   0.0000000000000000e+00   0.0000000000000000e+00
  -4.5464266350348181e-09  -4.5464349022819393e-09  -4.5464344649048510e-09  -4.5464348164577090e-09  -4.5464324248968538e-09  -4.5464322559753479e-09  -4.5464171684241375e-09  -4.5464754341903021e-09  -4.5463391913639461e-09  -4.5453151110419338e-09
  -0.0000000000000000e+00   0.0000000000000000e+00   0.0000000000000000e+00   0.0000000000000000e+00   0.0000000000000000e+00  -0.0000000000000000e+00  -0.0000000000000000e+00   0.0000000000000000e+00   0.0000000000000000e+00   0.0000000000000000e+00
   9.0928532700696362e-09   9.0928698045638787e-09   9.0928689298097020e-09   9.0928696329154180e-09   9.0928648497937076e-09   9.0928645119506958e-09   9.0928343368482750e-09   9.0929508683806042e-09   9.0926783827278922e-09   9.0906302220838675e-09
  -0.0000000000000000e+00   0.0000000000000000e+00   0.0000000000000000e+00   0.0000000000000000e+00   0.0000000000000000e+00  -0.0000000000000000e+00  -0.0000000000000000e+00   0.0000000000000000e+00   0.0000000000000000e+00   0.0000000000000000e+00
  -9.0928532700696362e-09  -9.0928698045638787e-09  -9.0928689298097020e-09  -9.0928696329154180e-09  -9.0928648497937076e-09  -9.0928645119506958e-09  -9.0928343368482750e-09  -9.0929508683806042e-09  -9.0926783827278922e-09  -9.0906302220838675e-09
  -0.0000000000000000e+00   0.0000000000000000e+00   0.0000000000000000e+00   0.0000000000000000e+00   0.0000000000000000e+00  -0.0000000000000000e+00  -0.0000000000000000e+00   0.0000000000000000e+00   0.0000000000000000e+00   0.0000000000000000e+00
   4.5464266350348181e-09   4.5464349022819393e-09   4.5464344649048510e-09   4.5464348164577090e-09   4.5464324248968538e-09   4.5464322559753479e-09   4.5464171684241375e-09   4.5464754341903021e-09   4.5463391913639461e-09   4.5453151110419338e-09
  -0.0000000000000000e+00   0.0000000000000000e+00   0.0000000000000000e+00   0.0000000000000000e+00   0.0000000000000000e+00  -0.0000000000000000e+00  -0.0000000000000000e+00   0.0000000000000000e+00   0.0000000000000000e+00   0.0000000000000000e+00
  -9.0928532700696364e-10  -9.0928698045638776e-10  -9.0928689298097020e-10  -9.0928696329154157e-10  -9.0928648497937087e-10  -9.0928645119506948e-10  -9.0928343368482748e-10  -9.0929508683806034e-10  -9.0926783827278939e-10  -9.0906302220838671e-10
